epoch:0 0.1914  0.3661  0.1804  0.1121  0.2222  0.2293  0.2005  0.3351  0.3529  0.1932  0.3884  0.4478  1.2374  0.000100
epoch:1 0.2469  0.4438  0.2511  0.1522  0.2792  0.3037  0.2383  0.3977  0.4200  0.2584  0.4580  0.5130  0.9900  0.000100
epoch:2 0.2765  0.4766  0.2904  0.1726  0.3121  0.3434  0.2571  0.4219  0.4457  0.2872  0.4826  0.5597  0.9286  0.000100
epoch:3 0.2955  0.4971  0.3100  0.1759  0.3278  0.3773  0.2712  0.4420  0.4661  0.3005  0.5032  0.5847  0.8928  0.000100
epoch:4 0.3054  0.5082  0.3250  0.1812  0.3444  0.3773  0.2778  0.4553  0.4792  0.2981  0.5148  0.5937  0.8685  0.000100
epoch:5 0.3170  0.5203  0.3390  0.1970  0.3575  0.3900  0.2808  0.4580  0.4818  0.3109  0.5260  0.6021  0.8498  0.000100
epoch:6 0.3242  0.5294  0.3456  0.2039  0.3553  0.4035  0.2858  0.4658  0.4905  0.3134  0.5317  0.6103  0.8351  0.000100
epoch:7 0.3247  0.5302  0.3487  0.2016  0.3576  0.4111  0.2897  0.4727  0.4988  0.3370  0.5427  0.6092  0.8232  0.000100
epoch:8 0.3358  0.5431  0.3604  0.2098  0.3720  0.4111  0.2929  0.4816  0.5080  0.3416  0.5458  0.6247  0.8147  0.000100
epoch:9 0.3343  0.5393  0.3587  0.2005  0.3686  0.4203  0.2897  0.4784  0.5048  0.3312  0.5492  0.6208  0.8053  0.000100
epoch:10 0.3403  0.5510  0.3650  0.2033  0.3762  0.4247  0.2964  0.4806  0.5079  0.3404  0.5442  0.6229  0.7986  0.000100
epoch:11 0.3422  0.5479  0.3671  0.2109  0.3829  0.4268  0.2989  0.4854  0.5123  0.3333  0.5565  0.6394  0.7926  0.000100
epoch:12 0.3415  0.5459  0.3688  0.2000  0.3745  0.4387  0.2993  0.4880  0.5154  0.3337  0.5519  0.6345  0.7861  0.000100
epoch:13 0.3470  0.5561  0.3724  0.2039  0.3817  0.4494  0.2997  0.4857  0.5117  0.3352  0.5506  0.6361  0.7818  0.000100
epoch:14 0.3447  0.5501  0.3713  0.2095  0.3825  0.4402  0.2980  0.4835  0.5091  0.3299  0.5486  0.6372  0.7771  0.000100
epoch:15 0.3526  0.5599  0.3801  0.2128  0.3868  0.4463  0.3031  0.4896  0.5160  0.3451  0.5511  0.6472  0.7737  0.000100
epoch:16 0.3925  0.6007  0.4256  0.2320  0.4293  0.5055  0.3223  0.5181  0.5457  0.3596  0.5875  0.6782  0.7090  0.000010
epoch:17 0.3990  0.6092  0.4347  0.2397  0.4359  0.5119  0.3262  0.5244  0.5519  0.3691  0.5910  0.6887  0.6924  0.000010
epoch:18 0.3989  0.6104  0.4356  0.2379  0.4322  0.5170  0.3261  0.5242  0.5509  0.3627  0.5849  0.6884  0.6852  0.000010
epoch:19 0.4016  0.6121  0.4371  0.2418  0.4378  0.5173  0.3257  0.5255  0.5525  0.3682  0.5912  0.6798  0.6788  0.000010
epoch:20 0.4015  0.6126  0.4358  0.2407  0.4371  0.5157  0.3278  0.5249  0.5515  0.3690  0.5901  0.6779  0.6740  0.000010
epoch:21 0.4039  0.6149  0.4409  0.2464  0.4363  0.5252  0.3284  0.5255  0.5524  0.3750  0.5873  0.6833  0.6700  0.000010
epoch:22 0.4066  0.6174  0.4410  0.2465  0.4372  0.5292  0.3294  0.5277  0.5549  0.3759  0.5885  0.6883  0.6608  0.000001
epoch:23 0.4071  0.6169  0.4464  0.2446  0.4389  0.5294  0.3298  0.5286  0.5554  0.3737  0.5902  0.6902  0.6602  0.000001
