epoch:0 0.1931  0.3454  0.1960  0.0818  0.2192  0.2763  0.2073  0.3299  0.3459  0.1729  0.3864  0.4605  1.2374  0.000100
epoch:1 0.2415  0.4200  0.2502  0.1100  0.2664  0.3467  0.2390  0.3846  0.4043  0.2267  0.4454  0.5208  0.9900  0.000100
epoch:2 0.2665  0.4490  0.2796  0.1309  0.2946  0.3844  0.2536  0.4018  0.4226  0.2522  0.4636  0.5518  0.9286  0.000100
epoch:3 0.2825  0.4709  0.2974  0.1246  0.3097  0.4141  0.2663  0.4212  0.4425  0.2603  0.4837  0.5722  0.8928  0.000100
epoch:4 0.2893  0.4808  0.3046  0.1392  0.3189  0.4124  0.2718  0.4293  0.4496  0.2598  0.4883  0.5762  0.8685  0.000100
epoch:5 0.2988  0.4929  0.3154  0.1493  0.3291  0.4236  0.2729  0.4306  0.4517  0.2689  0.4950  0.5870  0.8498  0.000100
epoch:6 0.3061  0.5051  0.3246  0.1504  0.3326  0.4353  0.2759  0.4387  0.4602  0.2762  0.5053  0.5937  0.8351  0.000100
epoch:7 0.3035  0.5023  0.3193  0.1449  0.3298  0.4414  0.2784  0.4411  0.4634  0.2837  0.5042  0.5946  0.8232  0.000100
epoch:8 0.3133  0.5166  0.3313  0.1549  0.3438  0.4414  0.2830  0.4507  0.4736  0.2997  0.5142  0.6088  0.8147  0.000100
epoch:9 0.3134  0.5137  0.3333  0.1501  0.3416  0.4512  0.2800  0.4492  0.4717  0.2867  0.5159  0.6085  0.8053  0.000100
epoch:10 0.3218  0.5263  0.3412  0.1539  0.3516  0.4593  0.2887  0.4549  0.4786  0.3045  0.5170  0.6097  0.7986  0.000100
epoch:11 0.3206  0.5230  0.3410  0.1559  0.3500  0.4578  0.2883  0.4552  0.4787  0.2859  0.5188  0.6243  0.7926  0.000100
epoch:12 0.3174  0.5200  0.3375  0.1466  0.3421  0.4685  0.2877  0.4555  0.4789  0.2886  0.5174  0.6183  0.7861  0.000100
epoch:13 0.3238  0.5297  0.3428  0.1488  0.3510  0.4781  0.2896  0.4551  0.4773  0.2920  0.5176  0.6187  0.7818  0.000100
epoch:14 0.3214  0.5240  0.3396  0.1582  0.3469  0.4734  0.2859  0.4505  0.4722  0.2837  0.5100  0.6227  0.7771  0.000100
epoch:15 0.3266  0.5301  0.3477  0.1614  0.3536  0.4746  0.2892  0.4570  0.4790  0.2980  0.5148  0.6265  0.7737  0.000100
epoch:16 0.3593  0.5762  0.3828  0.1748  0.3875  0.5230  0.3052  0.4790  0.5021  0.3108  0.5420  0.6510  0.7090  0.000010
epoch:17 0.3631  0.5809  0.3872  0.1787  0.3924  0.5220  0.3075  0.4822  0.5057  0.3172  0.5453  0.6530  0.6924  0.000010
epoch:18 0.3644  0.5815  0.3880  0.1787  0.3899  0.5273  0.3064  0.4811  0.5035  0.3104  0.5401  0.6548  0.6852  0.000010
epoch:19 0.3656  0.5836  0.3901  0.1810  0.3930  0.5275  0.3073  0.4822  0.5050  0.3169  0.5454  0.6496  0.6788  0.000010
epoch:20 0.3657  0.5840  0.3886  0.1811  0.3915  0.5280  0.3088  0.4831  0.5055  0.3182  0.5433  0.6483  0.6740  0.000010
epoch:21 0.3685  0.5883  0.3952  0.1840  0.3943  0.5364  0.3101  0.4836  0.5064  0.3219  0.5435  0.6543  0.6700  0.000010
epoch:22 0.3696  0.5892  0.3918  0.1840  0.3954  0.5372  0.3099  0.4848  0.5076  0.3222  0.5445  0.6553  0.6608  0.000001
epoch:23 0.3704  0.5893  0.3934  0.1836  0.3964  0.5375  0.3105  0.4856  0.5084  0.3217  0.5462  0.6568  0.6602  0.000001
